43.58
34.68
18.66
14.1
10.92
6.18
6.0
6.4
6.0
6.0
6.76
6.0
6.0
6.0
6.76
6.0
6.0
6.72
6.0
6.0
6.22
6.0
6.0
6.0
6.72
6.0
6.0
6.0
6.0
6.0
6.0
6.0
6.0
6.74
6.0
6.0
6.0
6.38
6.4
6.0
6.0
6.0
6.0
6.0
6.0
6.0
6.22
6.0
6.0
6.0
6.0
6.0
6.0
6.0
6.0
6.22
6.02
6.0
6.0
6.0
6.72
6.0
6.0
6.0
6.0
6.0
6.0
6.0
6.74
6.0
6.0
6.72
6.0
6.0
6.0
6.0
6.34
6.0
6.0
6.38
6.0
6.0
6.0
6.74
6.0
6.0
6.0
6.0
6.0
6.0
6.0
6.0
6.0
6.76
6.22
6.0
6.0
6.0
6.76
6.74
6.0
6.0
6.0
6.0
6.74
6.0
6.0
6.0
6.0
6.0
6.18
6.36
6.0
6.0
6.0
6.0
6.0
6.0
6.0
6.0
6.0
6.0
6.0
6.0
6.0
6.36
6.36
6.0
6.0
6.0
6.0
6.0
6.0
6.0
6.0
6.22
6.0
6.0
6.0
6.0
6.0
6.0
6.36
6.4
6.0
6.0
6.74
6.0
6.0
6.0
6.0
6.0
6.0
6.4
6.74
6.0
6.0
6.0
6.0
7.46
6.0
6.0
6.36
6.0
6.0
6.34
6.0
6.0
6.0
6.0
6.0
6.0
6.0
6.0
6.22
6.0
6.0
6.0
6.0
6.0
6.0
6.0
6.0
6.0
6.0
6.0
7.5
6.0
6.74
6.0
6.0
6.0
6.38
6.0
6.0
6.0
6.0
6.4
6.0
6.0
