119.38
105.2
88.38
66.04
61.0
61.0
61.0
61.54
61.0
61.0
61.0
61.0
60.98
60.94
60.3
55.82
42.1
27.84
24.1
21.88
20.8
17.8
16.08
16.0
16.0
17.42
16.0
16.0
17.86
16.0
16.0
17.78
16.96
16.0
16.0
17.42
16.0
17.78
16.0
15.98
17.74
15.84
16.88
15.0
16.02
15.0
15.0
15.08
15.0
15.0
15.0
15.9
15.0
15.0
16.88
16.44
17.34
15.0
16.44
15.9
15.0
15.0
15.0
15.12
15.0
15.0
15.0
15.0
15.0
15.0
15.0
15.0
15.9
16.8
15.0
15.0
15.0
15.08
15.88
14.88
15.46
14.02
14.0
14.0
14.0
14.9
14.0
14.08
14.0
14.0
14.0
15.44
15.44
14.08
14.0
14.0
14.0
14.0
14.0
14.0
14.0
14.0
15.8
14.0
14.9
14.08
14.0
14.0
14.0
14.0
14.0
15.8
14.08
14.0
14.0
14.0
14.0
14.0
14.0
14.0
14.08
15.88
14.0
14.0
15.52
14.0
14.0
14.0
14.0
14.0
14.0
14.0
14.0
14.08
15.44
14.0
14.0
14.0
14.0
14.0
14.0
14.0
14.0
14.0
14.0
14.1
14.0
14.08
15.8
14.0
14.0
14.1
15.44
14.0
14.0
14.0
14.0
14.0
14.0
14.0
14.0
14.0
14.0
17.24
14.0
14.0
15.44
14.0
14.0
14.0
14.0
14.0
14.0
15.96
14.0
14.0
14.0
15.54
14.0
14.0
15.44
14.0
14.0
15.8
15.44
14.0
14.08
15.52
14.0
14.0
15.8
14.0
14.1
14.0
15.8
14.0
14.0
14.0
14.08
14.0
