2433.84
797.13
456.77
298.72
304.04
361.74
379.76
348.78
379.78
333.4
415.5
273.7
323.07
206.0
404.16
318.0
370.76
408.12
427.48
265.7
327.36
338.44
395.16
285.68
272.72
351.76
466.5
387.78
338.44
313.06
368.78
366.8
305.02
325.39
239.32
326.02
376.8
264.71
307.02
209.98
295.04
376.16
281.72
280.66
291.08
415.5
378.78
314.06
510.24
264.68
262.72
273.71
419.12
333.42
314.04
318.44
279.66
420.14
234.36
360.44
260.72
387.78
372.76
387.78
448.36
263.7
345.37
380.78
342.4
318.02
474.86
345.8
293.05
260.72
276.7
246.34
362.76
312.06
452.86
265.68
434.5
559.59
394.16
235.34
416.16
415.52
314.06
322.0
313.06
356.8
326.02
276.68
318.06
333.4
338.44
312.06
279.64
383.72
271.72
353.38
338.44
247.34
367.78
234.34
452.86
408.14
321.43
235.36
340.42
307.02
359.78
428.37
303.06
345.8
261.72
369.78
351.42
275.7
349.78
302.06
250.3
279.66
207.98
398.14
427.51
358.78
302.06
359.78
529.04
412.14
349.43
290.08
263.7
301.96
371.74
418.49
288.69
308.0
271.72
244.34
377.78
377.78
426.16
316.02
260.72
369.76
406.14
338.34
519.6
413.08
209.95
463.86
276.7
411.13
338.44
365.8
241.28
344.42
375.8
208.0
309.08
329.44
315.05
355.8
327.44
498.73
310.98
266.7
346.36
365.8
302.06
266.68
378.78
431.44
362.74
406.16
374.74
338.44
429.46
398.12
350.42
322.4
324.04
332.4
388.16
488.72
403.1
420.14
314.06
398.14
416.14
271.72
333.4
377.8
334.4
368.58
329.43
381.76
341.42
262.72
